CLUSTERID1	CLUSTERID2	DeltaMZ	MEH	Cosine	OtherScore	ComponentIndex	EdgeAnnotation
79	189	136.018	79	0.7888	79.0	1	 
90	96	-15.993	90	0.8151	90.0	1	 
96	493	-328.321	96	0.854	96.0	1	 
218	249	-162.054	218	0.753	218.0	1	 
329	427	-18.011	329	0.929	329.0	1	 
278	488	-18.012	278	0.9517	278.0	1	 
325	386	408.343	325	0.9477	325.0	1	 
189	278	42.011	189	0.9092	189.0	1	N3:C2H2O
206	214	-30.010	206	0.9277	206.0	1	 
491	516	2.017	491	0.865	491.0	1	H2
12	82	326.338	12	0.8736	12.0	1	 
206	290	-15.996	206	0.8322	206.0	1	 
36	238	50.039	36	0.8454	36.0	1	 
491	515	-11.998	491	0.9235	491.0	1	 
206	218	15.995	206	0.8039	206.0	1	O
189	191	44.027	189	0.888	189.0	1	H2N3:C2H4O
278	427	-15.996	278	0.943	278.0	1	 
65	218	76.016	65	0.7321	65.0	1	C4H4O3:H2N3O2:C5H2N
427	516	-428.369	427	0.8573	427.0	1	 
16	63	46.005	16	0.8106	16.0	1	CH2O2
427	446	-18.011	427	0.8828	427.0	1	 
329	364	-34.042	329	0.9293	329.0	1	 
206	240	-162.054	206	0.7052	206.0	1	 
328	446	-15.996	328	0.8812	328.0	1	 
328	491	-428.371	328	0.9217	328.0	1	 
7	446	-1.981	7	0.8818	7.0	1	 
16	195	-86.038	16	0.8922	16.0	1	 
328	488	-0.002	328	0.953	328.0	1	 
499	515	-11.997	499	0.9601	499.0	1	 
328	499	-428.371	328	0.9415	328.0	1	 
45	199	-410.358	45	0.9369	45.0	1	 
249	263	132.043	249	0.7185	249.0	1	C5H8O4_D-Ribose (-H2O) (ribosylation):C16H30O_palmitoylation (-H2O):C5H8O4
45	427	-15.996	45	0.9175	45.0	1	 
79	510	164.049	79	0.7387	79.0	1	 
251	423	-548.267	251	0.7477	251.0	1	 
240	245	-362.178	240	0.8558	240.0	1	 
63	195	-132.043	63	0.7281	63.0	1	 
82	178	30.013	82	0.8956	82.0	1	CH2O
214	263	15.994	214	0.8334	214.0	1	O
96	113	-0.002	96	0.756	96.0	1	 
189	344	42.011	189	0.891	189.0	1	N3:C2H2O
189	427	26.016	189	0.8872	189.0	1	C2H2
278	329	2.016	278	0.9577	278.0	1	H2
7	469	-1.981	7	0.7072	7.0	1	 
82	263	172.221	82	0.7838	82.0	1	 
16	478	-188.181	16	0.7598	16.0	1	 
446	493	-444.367	446	0.9101	446.0	1	 
79	479	160.020	79	0.7782	79.0	1	 
63	263	-15.995	63	0.8204	63.0	1	 
113	263	174.199	113	0.7899	113.0	1	 
82	113	-1.978	82	0.7804	82.0	1	 
336	469	14.015	336	0.8903	336.0	1	methanol (-H2O):CH2
112	427	2.015	112	0.8398	112.0	1	H2
214	434	-15.996	214	0.7258	214.0	1	 
499	516	2.017	499	0.8839	499.0	1	H2
344	446	-34.007	344	0.895	344.0	1	 
189	329	44.027	189	0.8965	189.0	1	H2N3:C2H4O
189	386	44.026	189	0.9017	189.0	1	H2N3:C2H4O
45	189	-42.012	45	0.8835	45.0	1	 
199	278	410.358	199	0.9614	199.0	1	 
326	527	-458.381	326	0.8156	326.0	1	 
199	477	-0.000	199	0.9679	199.0	1	 
45	488	-18.012	45	0.9271	45.0	1	 
218	290	-31.990	218	0.7386	218.0	1	 
240	248	-14.016	240	0.9207	240.0	1	 
181	438	-424.376	181	0.7008	181.0	1	 
191	446	-36.022	191	0.9019	191.0	1	 
113	472	116.049	113	0.8202	113.0	1	 
240	274	96.066	240	0.8188	240.0	1	 
38	424	-88.083	38	0.7968	38.0	1	 
7	112	14.015	7	0.8489	7.0	1	methanol (-H2O):CH2
195	240	-31.990	195	0.8305	195.0	1	 
90	434	126.214	90	0.7419	90.0	1	 
90	263	158.205	90	0.842	90.0	1	 
329	446	-36.022	329	0.8914	329.0	1	 
191	344	-2.016	191	0.9396	191.0	1	 
328	364	-14.017	328	0.9288	328.0	1	 
29	187	60.023	29	0.753	29.0	1	H2N3O:C2H4O2
7	344	32.026	7	0.8299	7.0	1	CH4O
245	248	348.162	245	0.7801	245.0	1	 
195	249	-15.995	195	0.9001	195.0	1	 
112	328	0.000	112	0.8295	112.0	1	 
248	274	110.083	248	0.8143	248.0	1	 
90	113	-15.995	90	0.7816	90.0	1	 
7	178	-86.036	7	0.8315	7.0	1	 
438	466	150.069	438	0.9375	438.0	1	 
329	466	-408.345	329	0.9501	329.0	1	 
132	238	80.072	132	0.8619	132.0	1	 
29	82	60.020	29	0.7455	29.0	1	H2N3O:C2H4O2
344	427	-15.996	344	0.9319	344.0	1	 
195	251	-46.006	195	0.8794	195.0	1	 
82	214	156.227	82	0.7261	82.0	1	 
278	364	-32.027	278	0.9418	278.0	1	 
96	263	174.198	96	0.8028	96.0	1	 
218	263	-30.011	218	0.8506	218.0	1	 
325	438	-150.070	325	0.9318	325.0	1	 
65	249	-86.038	65	0.7106	65.0	1	 
488	515	-440.367	488	0.9451	488.0	1	 
79	427	162.034	79	0.7967	79.0	1	 
45	477	-410.359	45	0.9455	45.0	1	 
45	79	-178.030	45	0.7957	45.0	1	 
12	178	356.352	12	0.8252	12.0	1	 
79	328	160.019	79	0.7982	79.0	1	 
189	488	23.999	189	0.9118	189.0	1	C2
65	263	46.005	65	0.7564	65.0	1	CH2O2
278	477	-410.358	278	0.9725	278.0	1	 
90	214	142.211	90	0.7602	90.0	1	 
394	438	150.070	394	0.949	394.0	1	 
7	12	-442.388	7	0.9055	7.0	1	 
324	510	-27.996	324	0.7935	324.0	1	 
326	344	46.006	326	0.7563	326.0	1	CH2O2
325	466	-0.001	325	0.9575	325.0	1	 
7	472	-1.979	7	0.8251	7.0	1	 
290	434	-30.011	290	0.7477	290.0	1	 
45	278	-0.000	45	0.9423	45.0	1	 
325	329	408.343	325	0.9447	325.0	1	 
364	446	-1.980	364	0.8814	364.0	1	 
329	488	-20.027	329	0.9385	329.0	1	 
45	364	-32.027	45	0.9166	45.0	1	 
45	329	2.015	45	0.9403	45.0	1	H2
82	187	0.002	82	0.8327	82.0	1	 
491	499	-0.001	491	0.9417	491.0	1	 
7	82	-116.050	7	0.8885	7.0	1	 
36	434	-156.118	36	0.7544	36.0	1	 
493	512	0.006	493	0.859	493.0	1	 
112	472	-15.994	112	0.8012	112.0	1	 
488	499	-428.370	488	0.9673	488.0	1	 
16	251	-132.044	16	0.8329	16.0	1	 
38	132	-12.001	38	0.9249	38.0	1	 
472	493	-444.369	472	0.8811	472.0	1	 
240	433	34.007	240	0.7324	240.0	1	O2H2:H2O2
427	488	-2.016	427	0.9301	427.0	1	 
45	326	-46.006	45	0.7438	45.0	1	 
16	65	-15.995	16	0.8012	16.0	1	 
323	527	-2.015	323	0.8112	323.0	1	 
249	433	18.012	249	0.7048	249.0	1	H2O
38	238	68.071	38	0.8618	38.0	1	 
323	326	456.366	323	0.9062	323.0	1	 
364	488	14.015	364	0.9501	364.0	1	methanol (-H2O):CH2
479	499	-428.372	479	0.9083	479.0	1	 
240	249	15.995	240	0.9141	240.0	1	O
446	472	0.002	446	0.8817	446.0	1	 
82	90	14.016	82	0.8337	82.0	1	methanol (-H2O):CH2
82	96	-1.976	82	0.7903	82.0	1	 
112	499	-428.371	112	0.8579	112.0	1	 
96	214	158.204	96	0.7614	96.0	1	 
251	284	10.029	251	0.7429	251.0	1	 
488	491	-428.369	488	0.9409	488.0	1	 
112	191	20.026	112	0.8526	112.0	1	 
263	434	-31.991	263	0.7569	263.0	1	 
329	510	-15.996	329	0.8598	329.0	1	 
36	38	-18.033	36	0.917	36.0	1	 
36	132	-30.033	36	0.9159	36.0	1	 
79	278	178.029	79	0.814	79.0	1	 
113	512	-328.314	113	0.7279	113.0	1	 
247	273	0.000	247	0.8148	247.0	2	 
21	273	14.016	21	0.7168	21.0	2	methanol (-H2O):CH2
21	247	14.016	21	0.8116	21.0	2	methanol (-H2O):CH2
176	247	-9.984	176	0.7789	176.0	2	 
21	176	23.999	21	0.7574	21.0	2	C2
64	233	21.984	64	0.7926	64.0	3	adduct_rel_H_Na:Na-H
239	404	28.032	239	0.7535	239.0	3	C2H4
233	239	-28.032	233	0.776	233.0	3	 
64	72	-2.017	64	0.7664	64.0	3	 
72	233	24.001	72	0.7566	72.0	3	C2
64	239	-6.048	64	0.8111	64.0	3	 
72	239	-4.031	72	0.7558	72.0	3	 
64	404	21.984	64	0.8453	64.0	3	adduct_rel_H_Na:Na-H
233	404	-0.000	233	0.7398	233.0	3	 
77	312	-56.063	77	0.9111	77.0	4	 
255	272	15.995	255	0.8257	255.0	4	O
41	312	-84.096	41	0.8965	41.0	4	 
393	494	68.135	393	0.7443	393.0	4	 
190	393	28.030	190	0.7774	190.0	4	C2H4
19	69	29.973	19	0.7475	19.0	4	 
41	69	-172.090	41	0.873	41.0	4	 
69	482	87.996	69	0.7435	69.0	4	 
312	480	15.999	312	0.7431	312.0	4	O
19	282	13.979	19	0.7397	19.0	4	 
41	216	120.241	41	0.7601	41.0	4	 
77	482	-56.061	77	0.8432	77.0	4	 
391	393	-204.335	391	0.8244	391.0	4	 
272	282	-15.994	272	0.796	272.0	4	 
312	482	0.002	312	0.8054	312.0	4	 
19	389	-0.000	19	0.7216	19.0	4	 
216	391	15.995	216	0.8446	216.0	4	O
393	482	-15.996	393	0.8093	393.0	4	 
19	255	13.978	19	0.769	19.0	4	 
14	482	101.976	14	0.7396	14.0	4	 
41	228	64.215	41	0.7575	41.0	4	 
41	482	-84.094	41	0.8446	41.0	4	 
69	281	15.996	69	0.8653	69.0	4	O
69	216	292.331	69	0.7361	69.0	4	 
41	255	-188.085	41	0.8428	41.0	4	 
14	41	186.070	14	0.7252	14.0	4	 
14	255	-2.015	14	0.7644	14.0	4	 
272	391	308.327	272	0.8162	272.0	4	 
77	255	-160.052	77	0.7735	77.0	4	 
77	282	-160.051	77	0.7381	77.0	4	 
41	282	-188.084	41	0.8243	41.0	4	 
393	480	0.001	393	0.7479	393.0	4	 
255	389	-13.978	255	0.7973	255.0	4	 
282	312	103.987	282	0.746	282.0	4	 
14	282	-2.014	14	0.7361	14.0	4	 
41	77	-28.033	41	0.9206	41.0	4	 
480	482	-15.997	480	0.7967	480.0	4	 
255	482	103.991	255	0.709	255.0	4	 
255	282	0.001	255	0.8631	255.0	4	 
255	312	103.989	255	0.7708	255.0	4	 
281	393	87.996	281	0.7563	281.0	4	 
69	312	87.994	69	0.8029	69.0	4	 
69	282	-15.994	69	0.8776	69.0	4	 
14	69	13.980	14	0.79	14.0	4	 
312	393	15.998	312	0.8583	312.0	4	O
69	255	-15.995	69	0.8698	69.0	4	 
69	77	144.057	69	0.7959	69.0	4	 
272	393	103.992	272	0.8087	272.0	4	 
110	470	178.048	110	0.794	110.0	5	C10H13N5O10P2_Guanosine 5- diphosphate (-H2O):C6H10O6:C6H10O6_C6H10O6
267	277	32.026	267	0.738	267.0	6	CH4O
117	354	-149.998	117	0.8957	117.0	7	 
355	372	-149.998	355	0.828	355.0	7	 
151	159	-14.016	151	0.8072	151.0	7	 
151	388	-2.014	151	0.7763	151.0	7	 
139	387	-10.994	139	0.8624	139.0	7	 
140	351	119.988	140	0.8777	140.0	7	 
34	353	15.004	34	0.7844	34.0	7	 
140	387	-10.994	140	0.8626	140.0	7	 
159	372	14.013	159	0.808	159.0	7	methanol (-H2O):CH2
34	141	-69.002	34	0.7237	34.0	7	 
158	372	14.012	158	0.8301	158.0	7	tertiary amine:N:methanol (-H2O):CH2
350	354	-302.011	350	0.8896	350.0	7	 
39	353	14.025	39	0.8546	39.0	7	 
350	449	-0.005	350	0.903	350.0	7	 
117	140	2.014	117	0.8853	117.0	7	H2
159	352	149.997	159	0.8179	159.0	7	 
39	146	-0.000	39	0.9137	39.0	7	 
354	440	149.997	354	0.8812	354.0	7	 
61	146	152.013	61	0.8315	61.0	7	 
140	146	302.010	140	0.9112	140.0	7	 
355	388	-152.010	355	0.7743	355.0	7	 
148	173	-30.011	148	0.9131	148.0	7	 
146	351	-182.022	146	0.8785	146.0	7	 
117	358	-30.013	117	0.8462	117.0	7	 
39	162	6.027	39	0.7942	39.0	7	 
170	448	0.001	170	0.7375	170.0	7	 
356	373	-152.014	356	0.7355	356.0	7	 
147	148	35.963	147	0.8615	147.0	7	 
153	350	-30.068	153	0.861	153.0	7	 
151	351	287.995	151	0.8465	151.0	7	 
361	373	-91.012	361	0.7319	361.0	7	 
354	358	119.985	354	0.863	354.0	7	 
353	373	-92.020	353	0.7876	353.0	7	 
162	382	75.001	162	0.7269	162.0	7	 
117	449	152.009	117	0.8126	117.0	7	 
39	139	-302.010	39	0.8722	39.0	7	 
151	372	-0.003	151	0.8598	151.0	7	 
117	360	-182.021	117	0.8762	117.0	7	 
151	355	149.996	151	0.8344	151.0	7	 
61	354	-302.010	61	0.8668	61.0	7	 
34	196	-10.990	34	0.7483	34.0	7	 
158	358	149.994	158	0.8551	158.0	7	 
372	388	-2.012	372	0.7626	372.0	7	 
34	170	90.002	34	0.7695	34.0	7	 
351	449	30.006	351	0.8555	351.0	7	CH2O
140	358	-32.027	140	0.9295	140.0	7	 
139	354	-152.013	139	0.9059	139.0	7	 
358	440	30.011	358	0.8478	358.0	7	CH2O
39	358	-334.037	39	0.8472	39.0	7	 
150	153	-119.985	150	0.7627	150.0	7	 
61	350	0.001	61	0.8705	61.0	7	 
440	449	152.010	440	0.8429	440.0	7	 
150	367	-484.032	150	0.7594	150.0	7	 
365	368	-76.005	365	0.8216	365.0	7	 
140	354	-152.012	140	0.9043	140.0	7	 
61	449	-0.003	61	0.8526	61.0	7	 
140	440	-2.015	140	0.907	140.0	7	 
361	365	-13.996	361	0.7137	361.0	7	 
350	358	-182.026	350	0.8864	350.0	7	 
146	350	-152.011	146	0.8628	146.0	7	 
61	153	30.069	61	0.8187	61.0	7	 
146	440	-304.026	146	0.8479	146.0	7	 
139	351	119.988	139	0.8973	139.0	7	 
139	350	149.998	139	0.9278	139.0	7	 
360	440	182.020	360	0.8442	360.0	7	 
141	361	82.998	141	0.7425	141.0	7	C3HNO2
117	387	-8.979	117	0.8286	117.0	7	 
139	146	302.010	139	0.9342	139.0	7	 
117	139	2.015	117	0.8678	117.0	7	H2
61	447	-224.035	61	0.8531	61.0	7	 
151	158	-14.015	151	0.8243	151.0	7	 
158	360	-2.015	158	0.8208	158.0	7	 
158	351	302.009	158	0.8778	158.0	7	 
139	440	-2.016	139	0.8884	139.0	7	 
351	354	-272.000	351	0.8537	351.0	7	 
353	449	-166.041	353	0.8297	353.0	7	 
147	173	5.952	147	0.8719	147.0	7	 
356	365	-74.998	356	0.764	356.0	7	 
354	387	141.018	354	0.8619	354.0	7	 
150	173	19.969	150	0.7913	150.0	7	 
39	140	-302.011	39	0.8668	39.0	7	 
139	140	-0.001	139	0.9758	139.0	7	 
146	358	-334.037	146	0.8554	146.0	7	 
361	448	76.007	361	0.7665	361.0	7	CH2NO3:C4N2
368	373	-1.011	368	0.719	368.0	7	 
358	387	21.033	358	0.8534	358.0	7	 
147	150	-14.016	147	0.7817	147.0	7	 
117	440	-0.001	117	0.8649	117.0	7	 
148	150	-49.980	148	0.7396	148.0	7	 
365	373	-77.016	365	0.7345	365.0	7	 
139	358	-32.027	139	0.9166	139.0	7	 
162	353	7.997	162	0.775	162.0	7	 
354	447	77.974	354	0.861	354.0	7	NO4
351	387	-130.982	351	0.819	351.0	7	 
352	360	-152.010	352	0.8281	352.0	7	 
159	447	107.984	159	0.7772	159.0	7	 
352	355	14.015	352	0.8619	352.0	7	methanol (-H2O):CH2
170	361	-76.006	170	0.769	170.0	7	 
158	352	149.995	158	0.8327	158.0	7	 
157	368	0.002	157	0.7082	157.0	7	 
350	440	-152.014	350	0.8768	350.0	7	 
353	361	-1.008	353	0.8328	353.0	7	 
352	449	182.020	352	0.8304	352.0	7	 
350	352	-182.024	350	0.8726	350.0	7	 
146	353	14.025	146	0.8119	146.0	7	 
140	350	149.999	140	0.9285	140.0	7	 
175	400	-18.010	175	0.7971	175.0	8	 
381	400	-2.015	381	0.7466	381.0	8	 
175	381	-15.995	175	0.7054	175.0	8	 
242	246	-116.027	242	0.8374	242.0	9	 
242	443	-121.999	242	0.752	242.0	9	 
243	396	-348.148	243	0.7068	243.0	9	 
235	392	94.021	235	0.9103	235.0	9	 
81	205	16.032	81	0.7925	81.0	9	CH4
205	241	-32.027	205	0.8936	205.0	9	 
202	213	-478.188	202	0.7069	202.0	9	 
213	243	288.123	213	0.7992	213.0	9	 
211	279	-190.065	211	0.7367	211.0	9	 
205	211	-134.059	205	0.7537	205.0	9	 
202	211	15.996	202	0.8519	202.0	9	O
202	205	150.055	202	0.784	202.0	9	 
242	243	-160.054	242	0.913	242.0	9	 
202	243	-190.065	202	0.9224	202.0	9	 
202	246	-146.038	202	0.8334	202.0	9	 
246	396	-392.174	246	0.7385	246.0	9	 
235	246	32.042	235	0.8872	235.0	9	N2H4:H4N2
242	392	-54.048	242	0.8741	242.0	9	 
213	242	448.178	213	0.7406	213.0	9	 
213	246	332.150	213	0.8794	213.0	9	 
243	443	38.055	243	0.8118	243.0	9	 
213	235	300.109	213	0.8454	213.0	9	 
246	443	-5.972	246	0.7861	246.0	9	 
202	392	-84.058	202	0.9026	202.0	9	 
71	211	30.010	71	0.7308	71.0	9	CH2O
392	443	-67.952	392	0.7511	392.0	9	 
211	241	102.032	211	0.707	211.0	9	 
235	443	26.070	235	0.7949	235.0	9	 
213	392	394.130	213	0.7222	213.0	9	 
235	242	148.069	235	0.9261	235.0	9	 
71	242	-15.997	71	0.8866	71.0	9	 
81	321	16.033	81	0.7125	81.0	9	CH4
243	279	15.996	243	0.7012	243.0	9	O
213	396	-60.024	213	0.8558	213.0	9	 
235	396	-360.133	235	0.7651	235.0	9	 
202	242	-30.011	202	0.9448	202.0	9	 
202	241	118.028	202	0.8136	202.0	9	 
81	241	-15.994	81	0.8177	81.0	9	 
205	242	-180.065	205	0.735	205.0	9	 
241	242	-148.039	241	0.7386	241.0	9	 
202	443	-152.010	202	0.7439	202.0	9	 
202	235	-178.080	202	0.9303	202.0	9	 
243	392	106.007	243	0.8933	243.0	9	 
205	208	-18.011	205	0.7887	205.0	9	 
205	321	0.000	205	0.7452	205.0	9	 
213	443	326.178	213	0.7162	213.0	9	 
208	321	18.012	208	0.8567	208.0	9	H2O
246	392	61.980	246	0.8319	246.0	9	 
243	246	44.027	243	0.9025	243.0	9	H2N3:C2H4O
235	243	-11.985	235	0.9452	235.0	9	 
250	303	-21.979	250	0.88	250.0	10	 
409	411	0.001	409	0.7414	409.0	11	 
229	418	-51.992	229	0.8573	229.0	12	 
402	418	-67.988	402	0.8322	402.0	12	 
229	402	15.996	229	0.94	229.0	12	O
403	407	-31.992	403	0.752	403.0	12	 
407	418	426.125	407	0.7375	407.0	12	 
403	418	394.133	403	0.8017	403.0	12	 
460	461	173.994	460	0.7243	460.0	13	 
371	410	152.013	371	0.8189	371.0	13	 
421	461	152.013	421	0.7542	421.0	13	 
453	461	173.992	453	0.7225	453.0	13	 
421	460	-21.981	421	0.744	421.0	13	 
152	410	-152.012	152	0.81	152.0	13	 
410	421	-0.000	410	0.8777	410.0	13	 
371	384	152.013	371	0.7874	371.0	13	 
371	421	152.012	371	0.7448	371.0	13	 
384	460	-21.982	384	0.743	384.0	13	 
371	408	-152.013	371	0.7322	371.0	13	 
384	421	-0.001	384	0.8998	384.0	13	 
152	421	-152.012	152	0.7838	152.0	13	 
384	461	152.012	384	0.7148	384.0	13	 
384	410	-0.000	384	0.8588	384.0	13	 
155	308	27.995	155	0.8493	155.0	14	CO
155	200	14.017	155	0.8854	155.0	14	methanol (-H2O):CH2
17	155	-58.007	17	0.9242	17.0	14	 
17	308	-30.012	17	0.8888	17.0	14	 
17	414	-67.990	17	0.7468	17.0	14	 
17	200	-43.990	17	0.8056	17.0	14	 
200	308	13.977	200	0.7971	200.0	14	 
133	283	-24.002	133	0.8448	133.0	15	 
133	234	-30.961	133	0.7379	133.0	15	 
215	444	-58.007	215	0.8882	215.0	16	 
83	119	-83.984	83	0.8318	83.0	16	 
83	85	-15.995	83	0.9666	83.0	16	 
92	131	64.056	92	0.7581	92.0	16	 
89	95	-31.993	89	0.7422	89.0	16	 
108	119	-15.995	108	0.8651	108.0	16	 
83	444	-43.991	83	0.8926	83.0	16	 
111	122	30.012	111	0.8134	111.0	16	CH2O
83	127	-53.971	83	0.8707	83.0	16	 
119	127	30.012	119	0.7722	119.0	16	CH2O
92	102	15.900	92	0.7023	92.0	16	 
83	108	-67.988	83	0.8237	83.0	16	 
85	215	30.011	85	0.9623	85.0	16	CH2O
85	111	-15.995	85	0.7891	85.0	16	 
85	444	-27.996	85	0.9085	85.0	16	 
85	119	-67.989	85	0.8332	85.0	16	 
127	215	67.988	127	0.8589	127.0	16	C3O2
119	215	98.000	119	0.7969	119.0	16	 
85	108	-51.994	85	0.8246	85.0	16	 
24	131	-67.987	24	0.8615	24.0	16	 
89	119	364.120	89	0.7478	89.0	16	 
89	108	380.115	89	0.7733	89.0	16	 
83	92	15.995	83	0.7672	83.0	16	O
108	215	82.005	108	0.7932	108.0	16	C2N3O:C4H2O2
119	444	39.993	119	0.7677	119.0	16	C2O
127	444	9.980	127	0.8315	127.0	16	 
83	215	14.016	83	0.9615	83.0	16	methanol (-H2O):CH2
108	444	23.998	108	0.7565	108.0	16	C2
85	127	-37.976	85	0.9021	85.0	16	 
92	459	-146.039	92	0.7198	92.0	16	 
108	127	14.017	108	0.8357	108.0	16	methanol (-H2O):CH2
95	119	396.113	95	0.7364	95.0	16	 
322	490	-0.000	322	0.8499	322.0	17	 
266	425	15.995	266	0.7571	266.0	18	O
11	341	-2.016	11	0.8902	11.0	18	 
11	425	-4.031	11	0.7435	11.0	18	 
341	425	-2.016	341	0.7677	341.0	18	 
203	226	-21.983	203	0.712	203.0	19	 
474	530	96.062	474	0.9312	474.0	20	 
262	474	-1.996	262	0.8652	262.0	20	 
262	292	30.010	262	0.9179	262.0	20	CH2O
292	530	64.055	292	0.9144	292.0	20	 
217	530	-67.988	217	0.8491	217.0	20	 
292	474	-32.007	292	0.9227	292.0	20	 
262	530	94.066	262	0.8582	262.0	20	 
217	262	-162.054	217	0.7707	217.0	20	 
217	292	-132.043	217	0.86	217.0	20	 
52	530	-37.978	52	0.7592	52.0	20	 
52	292	-102.033	52	0.7136	52.0	20	 
313	530	-23.962	313	0.7622	313.0	20	 
52	217	30.010	52	0.8719	52.0	20	CH2O
52	474	-134.039	52	0.7598	52.0	20	 
217	474	-164.050	217	0.866	217.0	20	 
84	94	14.013	84	0.8215	84.0	21	methanol (-H2O):CH2
22	84	0.000	22	0.9264	22.0	21	 
94	121	0.003	94	0.8176	94.0	21	 
22	129	-1.981	22	0.7914	22.0	21	 
84	121	14.016	84	0.8341	84.0	21	methanol (-H2O):CH2
22	109	30.011	22	0.8573	22.0	21	CH2O
91	135	582.457	91	0.8053	91.0	21	 
84	135	-25.981	84	0.7069	84.0	21	 
13	22	-30.011	13	0.8917	13.0	21	 
22	91	-608.438	22	0.7631	22.0	21	 
13	109	-0.000	13	0.8027	13.0	21	 
84	109	30.010	84	0.8255	84.0	21	CH2O
13	84	-30.011	13	0.8849	13.0	21	 
22	135	-25.981	22	0.7521	22.0	21	 
121	129	-15.998	121	0.7812	121.0	21	 
94	129	-15.995	94	0.7277	94.0	21	 
22	94	14.013	22	0.8378	22.0	21	methanol (-H2O):CH2
84	129	-1.982	84	0.7771	84.0	21	 
22	121	14.016	22	0.8467	22.0	21	methanol (-H2O):CH2
9	264	30.010	9	0.8759	9.0	22	CH2O
1	8	-430.204	1	0.9098	1.0	22	 
9	179	88.082	9	0.7323	9.0	22	 
1	9	46.006	1	0.87	1.0	22	CH2O2
1	264	76.016	1	0.9235	1.0	22	C4H4O3:H2N3O2:C5H2N
8	264	506.220	8	0.7984	8.0	22	 
179	219	-52.067	179	0.7548	179.0	22	 
97	485	1.872	97	0.8042	97.0	23	 
244	529	-29.973	244	0.9015	244.0	24	 
4	244	14.015	4	0.9556	4.0	24	methanol (-H2O):CH2
50	529	-29.973	50	0.8448	50.0	24	 
4	529	-15.958	4	0.8429	4.0	24	 
244	339	0.000	244	0.8406	244.0	24	 
50	244	-0.000	50	0.9254	50.0	24	 
4	50	14.015	4	0.8664	4.0	24	methanol (-H2O):CH2
339	529	-29.973	339	0.7656	339.0	24	 
50	339	-0.000	50	0.8208	50.0	24	 
4	339	14.015	4	0.7954	4.0	24	methanol (-H2O):CH2
467	483	226.139	467	0.8394	467.0	25	 
180	359	137.993	180	0.7136	180.0	26	 
68	197	30.011	68	0.7824	68.0	27	CH2O
497	513	-46.006	497	0.7802	497.0	28	 
221	412	21.983	221	0.8482	221.0	29	adduct_rel_H_Na:Na-H
207	221	32.027	207	0.8616	207.0	29	CH4O
455	496	15.959	455	0.7818	455.0	30	 
256	275	-0.056	256	0.894	256.0	31	 
500	507	246.095	500	0.7729	500.0	33	 
441	507	-67.988	441	0.7644	441.0	33	 
291	486	0.001	291	0.828	291.0	35	 
2	2	0.0	1.0	1.0	1.0	-1	
3	3	0.0	1.0	1.0	1.0	-1	
5	5	0.0	1.0	1.0	1.0	-1	
6	6	0.0	1.0	1.0	1.0	-1	
10	10	0.0	1.0	1.0	1.0	-1	
15	15	0.0	1.0	1.0	1.0	-1	
18	18	0.0	1.0	1.0	1.0	-1	
20	20	0.0	1.0	1.0	1.0	-1	
23	23	0.0	1.0	1.0	1.0	-1	
25	25	0.0	1.0	1.0	1.0	-1	
26	26	0.0	1.0	1.0	1.0	-1	
27	27	0.0	1.0	1.0	1.0	-1	
28	28	0.0	1.0	1.0	1.0	-1	
30	30	0.0	1.0	1.0	1.0	-1	
31	31	0.0	1.0	1.0	1.0	-1	
32	32	0.0	1.0	1.0	1.0	-1	
33	33	0.0	1.0	1.0	1.0	-1	
35	35	0.0	1.0	1.0	1.0	-1	
37	37	0.0	1.0	1.0	1.0	-1	
40	40	0.0	1.0	1.0	1.0	-1	
42	42	0.0	1.0	1.0	1.0	-1	
43	43	0.0	1.0	1.0	1.0	-1	
44	44	0.0	1.0	1.0	1.0	-1	
46	46	0.0	1.0	1.0	1.0	-1	
47	47	0.0	1.0	1.0	1.0	-1	
48	48	0.0	1.0	1.0	1.0	-1	
49	49	0.0	1.0	1.0	1.0	-1	
51	51	0.0	1.0	1.0	1.0	-1	
53	53	0.0	1.0	1.0	1.0	-1	
54	54	0.0	1.0	1.0	1.0	-1	
55	55	0.0	1.0	1.0	1.0	-1	
56	56	0.0	1.0	1.0	1.0	-1	
57	57	0.0	1.0	1.0	1.0	-1	
58	58	0.0	1.0	1.0	1.0	-1	
59	59	0.0	1.0	1.0	1.0	-1	
60	60	0.0	1.0	1.0	1.0	-1	
62	62	0.0	1.0	1.0	1.0	-1	
66	66	0.0	1.0	1.0	1.0	-1	
67	67	0.0	1.0	1.0	1.0	-1	
70	70	0.0	1.0	1.0	1.0	-1	
73	73	0.0	1.0	1.0	1.0	-1	
74	74	0.0	1.0	1.0	1.0	-1	
75	75	0.0	1.0	1.0	1.0	-1	
76	76	0.0	1.0	1.0	1.0	-1	
78	78	0.0	1.0	1.0	1.0	-1	
80	80	0.0	1.0	1.0	1.0	-1	
86	86	0.0	1.0	1.0	1.0	-1	
87	87	0.0	1.0	1.0	1.0	-1	
88	88	0.0	1.0	1.0	1.0	-1	
93	93	0.0	1.0	1.0	1.0	-1	
98	98	0.0	1.0	1.0	1.0	-1	
99	99	0.0	1.0	1.0	1.0	-1	
100	100	0.0	1.0	1.0	1.0	-1	
101	101	0.0	1.0	1.0	1.0	-1	
103	103	0.0	1.0	1.0	1.0	-1	
104	104	0.0	1.0	1.0	1.0	-1	
105	105	0.0	1.0	1.0	1.0	-1	
106	106	0.0	1.0	1.0	1.0	-1	
107	107	0.0	1.0	1.0	1.0	-1	
114	114	0.0	1.0	1.0	1.0	-1	
115	115	0.0	1.0	1.0	1.0	-1	
116	116	0.0	1.0	1.0	1.0	-1	
118	118	0.0	1.0	1.0	1.0	-1	
120	120	0.0	1.0	1.0	1.0	-1	
123	123	0.0	1.0	1.0	1.0	-1	
124	124	0.0	1.0	1.0	1.0	-1	
125	125	0.0	1.0	1.0	1.0	-1	
126	126	0.0	1.0	1.0	1.0	-1	
128	128	0.0	1.0	1.0	1.0	-1	
130	130	0.0	1.0	1.0	1.0	-1	
134	134	0.0	1.0	1.0	1.0	-1	
136	136	0.0	1.0	1.0	1.0	-1	
137	137	0.0	1.0	1.0	1.0	-1	
138	138	0.0	1.0	1.0	1.0	-1	
142	142	0.0	1.0	1.0	1.0	-1	
143	143	0.0	1.0	1.0	1.0	-1	
144	144	0.0	1.0	1.0	1.0	-1	
145	145	0.0	1.0	1.0	1.0	-1	
149	149	0.0	1.0	1.0	1.0	-1	
154	154	0.0	1.0	1.0	1.0	-1	
156	156	0.0	1.0	1.0	1.0	-1	
160	160	0.0	1.0	1.0	1.0	-1	
161	161	0.0	1.0	1.0	1.0	-1	
163	163	0.0	1.0	1.0	1.0	-1	
164	164	0.0	1.0	1.0	1.0	-1	
165	165	0.0	1.0	1.0	1.0	-1	
166	166	0.0	1.0	1.0	1.0	-1	
167	167	0.0	1.0	1.0	1.0	-1	
168	168	0.0	1.0	1.0	1.0	-1	
169	169	0.0	1.0	1.0	1.0	-1	
171	171	0.0	1.0	1.0	1.0	-1	
172	172	0.0	1.0	1.0	1.0	-1	
174	174	0.0	1.0	1.0	1.0	-1	
177	177	0.0	1.0	1.0	1.0	-1	
182	182	0.0	1.0	1.0	1.0	-1	
183	183	0.0	1.0	1.0	1.0	-1	
184	184	0.0	1.0	1.0	1.0	-1	
185	185	0.0	1.0	1.0	1.0	-1	
186	186	0.0	1.0	1.0	1.0	-1	
188	188	0.0	1.0	1.0	1.0	-1	
192	192	0.0	1.0	1.0	1.0	-1	
193	193	0.0	1.0	1.0	1.0	-1	
194	194	0.0	1.0	1.0	1.0	-1	
198	198	0.0	1.0	1.0	1.0	-1	
201	201	0.0	1.0	1.0	1.0	-1	
204	204	0.0	1.0	1.0	1.0	-1	
209	209	0.0	1.0	1.0	1.0	-1	
210	210	0.0	1.0	1.0	1.0	-1	
212	212	0.0	1.0	1.0	1.0	-1	
220	220	0.0	1.0	1.0	1.0	-1	
222	222	0.0	1.0	1.0	1.0	-1	
223	223	0.0	1.0	1.0	1.0	-1	
224	224	0.0	1.0	1.0	1.0	-1	
225	225	0.0	1.0	1.0	1.0	-1	
227	227	0.0	1.0	1.0	1.0	-1	
230	230	0.0	1.0	1.0	1.0	-1	
231	231	0.0	1.0	1.0	1.0	-1	
232	232	0.0	1.0	1.0	1.0	-1	
236	236	0.0	1.0	1.0	1.0	-1	
237	237	0.0	1.0	1.0	1.0	-1	
252	252	0.0	1.0	1.0	1.0	-1	
253	253	0.0	1.0	1.0	1.0	-1	
254	254	0.0	1.0	1.0	1.0	-1	
257	257	0.0	1.0	1.0	1.0	-1	
258	258	0.0	1.0	1.0	1.0	-1	
259	259	0.0	1.0	1.0	1.0	-1	
260	260	0.0	1.0	1.0	1.0	-1	
261	261	0.0	1.0	1.0	1.0	-1	
265	265	0.0	1.0	1.0	1.0	-1	
268	268	0.0	1.0	1.0	1.0	-1	
269	269	0.0	1.0	1.0	1.0	-1	
270	270	0.0	1.0	1.0	1.0	-1	
271	271	0.0	1.0	1.0	1.0	-1	
276	276	0.0	1.0	1.0	1.0	-1	
280	280	0.0	1.0	1.0	1.0	-1	
285	285	0.0	1.0	1.0	1.0	-1	
286	286	0.0	1.0	1.0	1.0	-1	
287	287	0.0	1.0	1.0	1.0	-1	
288	288	0.0	1.0	1.0	1.0	-1	
289	289	0.0	1.0	1.0	1.0	-1	
293	293	0.0	1.0	1.0	1.0	-1	
294	294	0.0	1.0	1.0	1.0	-1	
295	295	0.0	1.0	1.0	1.0	-1	
296	296	0.0	1.0	1.0	1.0	-1	
297	297	0.0	1.0	1.0	1.0	-1	
298	298	0.0	1.0	1.0	1.0	-1	
299	299	0.0	1.0	1.0	1.0	-1	
300	300	0.0	1.0	1.0	1.0	-1	
301	301	0.0	1.0	1.0	1.0	-1	
302	302	0.0	1.0	1.0	1.0	-1	
304	304	0.0	1.0	1.0	1.0	-1	
305	305	0.0	1.0	1.0	1.0	-1	
306	306	0.0	1.0	1.0	1.0	-1	
307	307	0.0	1.0	1.0	1.0	-1	
309	309	0.0	1.0	1.0	1.0	-1	
310	310	0.0	1.0	1.0	1.0	-1	
311	311	0.0	1.0	1.0	1.0	-1	
314	314	0.0	1.0	1.0	1.0	-1	
315	315	0.0	1.0	1.0	1.0	-1	
316	316	0.0	1.0	1.0	1.0	-1	
317	317	0.0	1.0	1.0	1.0	-1	
318	318	0.0	1.0	1.0	1.0	-1	
319	319	0.0	1.0	1.0	1.0	-1	
320	320	0.0	1.0	1.0	1.0	-1	
327	327	0.0	1.0	1.0	1.0	-1	
330	330	0.0	1.0	1.0	1.0	-1	
331	331	0.0	1.0	1.0	1.0	-1	
332	332	0.0	1.0	1.0	1.0	-1	
333	333	0.0	1.0	1.0	1.0	-1	
334	334	0.0	1.0	1.0	1.0	-1	
335	335	0.0	1.0	1.0	1.0	-1	
337	337	0.0	1.0	1.0	1.0	-1	
338	338	0.0	1.0	1.0	1.0	-1	
340	340	0.0	1.0	1.0	1.0	-1	
342	342	0.0	1.0	1.0	1.0	-1	
343	343	0.0	1.0	1.0	1.0	-1	
345	345	0.0	1.0	1.0	1.0	-1	
346	346	0.0	1.0	1.0	1.0	-1	
347	347	0.0	1.0	1.0	1.0	-1	
348	348	0.0	1.0	1.0	1.0	-1	
349	349	0.0	1.0	1.0	1.0	-1	
357	357	0.0	1.0	1.0	1.0	-1	
362	362	0.0	1.0	1.0	1.0	-1	
363	363	0.0	1.0	1.0	1.0	-1	
366	366	0.0	1.0	1.0	1.0	-1	
369	369	0.0	1.0	1.0	1.0	-1	
370	370	0.0	1.0	1.0	1.0	-1	
374	374	0.0	1.0	1.0	1.0	-1	
375	375	0.0	1.0	1.0	1.0	-1	
376	376	0.0	1.0	1.0	1.0	-1	
377	377	0.0	1.0	1.0	1.0	-1	
378	378	0.0	1.0	1.0	1.0	-1	
379	379	0.0	1.0	1.0	1.0	-1	
380	380	0.0	1.0	1.0	1.0	-1	
383	383	0.0	1.0	1.0	1.0	-1	
385	385	0.0	1.0	1.0	1.0	-1	
390	390	0.0	1.0	1.0	1.0	-1	
395	395	0.0	1.0	1.0	1.0	-1	
397	397	0.0	1.0	1.0	1.0	-1	
398	398	0.0	1.0	1.0	1.0	-1	
399	399	0.0	1.0	1.0	1.0	-1	
401	401	0.0	1.0	1.0	1.0	-1	
405	405	0.0	1.0	1.0	1.0	-1	
406	406	0.0	1.0	1.0	1.0	-1	
413	413	0.0	1.0	1.0	1.0	-1	
415	415	0.0	1.0	1.0	1.0	-1	
416	416	0.0	1.0	1.0	1.0	-1	
417	417	0.0	1.0	1.0	1.0	-1	
419	419	0.0	1.0	1.0	1.0	-1	
420	420	0.0	1.0	1.0	1.0	-1	
422	422	0.0	1.0	1.0	1.0	-1	
426	426	0.0	1.0	1.0	1.0	-1	
428	428	0.0	1.0	1.0	1.0	-1	
429	429	0.0	1.0	1.0	1.0	-1	
430	430	0.0	1.0	1.0	1.0	-1	
431	431	0.0	1.0	1.0	1.0	-1	
432	432	0.0	1.0	1.0	1.0	-1	
435	435	0.0	1.0	1.0	1.0	-1	
436	436	0.0	1.0	1.0	1.0	-1	
437	437	0.0	1.0	1.0	1.0	-1	
439	439	0.0	1.0	1.0	1.0	-1	
442	442	0.0	1.0	1.0	1.0	-1	
445	445	0.0	1.0	1.0	1.0	-1	
450	450	0.0	1.0	1.0	1.0	-1	
451	451	0.0	1.0	1.0	1.0	-1	
452	452	0.0	1.0	1.0	1.0	-1	
454	454	0.0	1.0	1.0	1.0	-1	
456	456	0.0	1.0	1.0	1.0	-1	
457	457	0.0	1.0	1.0	1.0	-1	
458	458	0.0	1.0	1.0	1.0	-1	
462	462	0.0	1.0	1.0	1.0	-1	
463	463	0.0	1.0	1.0	1.0	-1	
464	464	0.0	1.0	1.0	1.0	-1	
465	465	0.0	1.0	1.0	1.0	-1	
468	468	0.0	1.0	1.0	1.0	-1	
471	471	0.0	1.0	1.0	1.0	-1	
473	473	0.0	1.0	1.0	1.0	-1	
475	475	0.0	1.0	1.0	1.0	-1	
476	476	0.0	1.0	1.0	1.0	-1	
481	481	0.0	1.0	1.0	1.0	-1	
484	484	0.0	1.0	1.0	1.0	-1	
487	487	0.0	1.0	1.0	1.0	-1	
489	489	0.0	1.0	1.0	1.0	-1	
492	492	0.0	1.0	1.0	1.0	-1	
495	495	0.0	1.0	1.0	1.0	-1	
498	498	0.0	1.0	1.0	1.0	-1	
501	501	0.0	1.0	1.0	1.0	-1	
502	502	0.0	1.0	1.0	1.0	-1	
503	503	0.0	1.0	1.0	1.0	-1	
504	504	0.0	1.0	1.0	1.0	-1	
505	505	0.0	1.0	1.0	1.0	-1	
506	506	0.0	1.0	1.0	1.0	-1	
508	508	0.0	1.0	1.0	1.0	-1	
509	509	0.0	1.0	1.0	1.0	-1	
511	511	0.0	1.0	1.0	1.0	-1	
514	514	0.0	1.0	1.0	1.0	-1	
517	517	0.0	1.0	1.0	1.0	-1	
518	518	0.0	1.0	1.0	1.0	-1	
519	519	0.0	1.0	1.0	1.0	-1	
520	520	0.0	1.0	1.0	1.0	-1	
521	521	0.0	1.0	1.0	1.0	-1	
522	522	0.0	1.0	1.0	1.0	-1	
523	523	0.0	1.0	1.0	1.0	-1	
524	524	0.0	1.0	1.0	1.0	-1	
525	525	0.0	1.0	1.0	1.0	-1	
526	526	0.0	1.0	1.0	1.0	-1	
528	528	0.0	1.0	1.0	1.0	-1	
531	531	0.0	1.0	1.0	1.0	-1	
